10.70161275	-7.459007468	-3.489588617	-1.0223758	0.107778146	-4.455789424	1
11.8150436	9.654117055	3.764056312	2.800227934	-12.00390578	18.1830545	1
17.69123442	-13.44124941	-0.484246827	-11.33991191	9.611886329	-5.141723676	2
-1.364141424	-9.323930968	-0.81090789	2.181387969	0.035381905	-0.431010154	2
-9.377039859	-6.733518479	3.768596145	3.980163897	-11.31489908	10.52025437	3
2.155074853	-11.5430729	4.513003007	-2.734413264	-5.855532861	5.875900244	2
7.93327925	-12.50330816	7.583591433	-5.828437975	-5.859751253	8.493348634	2
1.048652708	1.741792705	-2.308312611	5.411195865	18.83743691	5.9741487	3
5.082702866	-7.321842444	-5.33095195	-0.286381312	-7.02704095	-8.33912065	1
11.63360605	3.669100487	4.603034728	3.167229818	10.06837742	-11.80620207	1
9.339028505	-11.46750327	2.238104636	-2.617388439	-6.745408432	-13.54205072	2
-8.190391755	-11.03816187	8.96834379	0.543215978	5.496105732	0.491190046	2
9.69763154	7.812478359	-12.33954667	3.598832448	-3.203115388	-6.266422908	1
13.85182897	-8.724000068	4.690104232	4.594653507	0.059255713	-8.236570763	2
3.039852918	7.957018749	-11.48745563	4.80031846	1.083175343	-3.754859536	1
2.688276228	-9.777363882	-12.12920256	2.878210336	-11.91160488	-2.129928551	2
-6.088977862	-9.936837801	14.29690716	-2.868922021	-12.58559362	8.949924415	2
-11.10376858	-8.522182033	-0.926064272	6.130320152	9.752058881	-19.85048444	2
5.440908105	4.1757886	10.31066664	4.947601862	1.937444632	6.301874532	3
7.583451361	10.19887506	-5.604587362	6.488806936	-5.688911444	6.763549999	3
4.171344729	-10.98870399	-9.211265603	3.453528547	-3.302189729	14.228687	2
20.00417494	-1.929475002	-14.35576805	2.140478305	11.72838348	4.506470825	1
-13.76740301	-9.927734094	8.956358827	2.071098347	-6.71129722	-13.20150356	2
-10.92723822	-11.56913002	12.19970324	-1.537559462	11.62775074	-3.570151397	2
-5.94225609	-12.07827631	9.793365786	-7.915722332	-4.207036685	-12.39663263	2
-12.18550742	-1.054509475	0.296829721	3.247860649	-2.975795515	3.403198172	3
-19.60134605	5.578525722	-2.086936615	5.510765905	-6.63720799	-8.395260333	3
-0.700276362	-11.58964013	-4.4738554	1.48790182	9.055338574	-8.875825755	2
-2.019332757	-0.783981155	-3.513643974	0.328049812	1.566685086	6.728041394	1
-0.901066513	-9.269223348	2.536071273	2.408210512	-3.217500339	1.23925475	2
0.263875069	-10.71592355	-1.710805799	-0.667879838	-0.369333745	7.052619734	2
-3.588776872	-11.90015447	2.213152132	-1.712201574	1.471656107	3.368126428	2
-6.603155901	-7.493776895	-5.377226306	2.87114892	-9.758274258	17.78690906	3
-16.98785787	3.715911066	3.791149301	6.635180391	-10.89468912	12.47741564	3
-10.363228	-11.68229497	-8.018845044	1.597737923	-13.62032274	-5.639628672	2
-10.0511413	-3.384907248	11.11829865	-0.693333722	-2.707386967	-6.641659908	1
3.570220574	-4.41724809	3.100368088	3.919262207	6.807950683	-4.584075607	3
-4.337175291	-12.34114156	7.379464181	-3.068516494	-16.61512118	-7.754373229	2
-3.317764113	9.987088074	-19.34830016	5.501327491	8.368167062	5.640990752	3
0.876420217	-12.02346214	3.773239372	-7.860805512	-0.439053027	-6.743040921	2
-7.506322641	-4.221815607	-17.5173412	2.06414826	-1.828433621	-31.43368196	1
1.639977438	-11.88102749	-12.01608463	0.853589594	2.25683134	-7.017003228	2
-2.047695861	1.609115277	1.34147193	5.011518682	5.384672755	-5.278902124	3
6.293935067	-9.9499809	0.71552709	-0.496525211	14.19750629	10.64805765	2
-3.674077733	-13.17949512	4.524025429	-2.796976435	10.76600773	6.803739581	2
-4.989441724	1.211794592	3.759221214	4.620826857	-5.663822639	-10.93356228	3
0.175727248	-10.18098432	5.16278686	5.754112549	-15.44883844	1.621579627	2
-15.66946633	-0.266488969	-6.395131002	1.745137987	2.588824483	-0.396043544	1
-1.086708194	-10.81085008	-8.407746232	3.515562493	-3.04762967	17.43018213	2
0.618219017	-9.294851471	-1.976680118	8.998104648	5.912242138	-15.43143368	2
-13.63061516	-2.591213916	-8.496473748	0.081041837	-5.234028384	10.69801845	1
-1.541738757	-8.293924436	14.54391274	12.42038957	-7.921725307	-15.68550297	2
-16.49448518	1.538425769	0.687387356	4.742877661	-0.33407329	-1.008255677	3
3.069658824	1.629869981	-25.32495371	6.148698442	0.892847433	-0.827568625	3
-7.389141783	-9.841678424	-10.30256476	-1.428239693	-12.08999552	5.886833949	1
0.090019686	2.13754653	12.8152804	4.959160219	-1.083883841	11.36608959	3
-17.95043734	-9.991940786	-2.529136889	3.398481266	10.64860457	-0.48952664	2
2.981303161	-8.772658406	-3.524468934	15.29356006	5.424864851	1.519682988	2
6.884675406	-12.25316855	6.233973876	1.091947104	-7.908155322	5.806053289	2
17.68683547	11.74772549	0.110936124	5.467379506	-0.877989375	16.24542413	3
9.724014744	-12.06591967	-0.664609573	0.962190289	2.299544679	-6.575983424	2
3.016395193	-11.13577815	16.33989823	5.442399459	-14.34747024	10.42361333	2
-5.705690779	8.124033337	-8.03619867	3.312999694	-10.58709246	-3.703756622	1
-0.043208767	2.240254637	-18.63664371	6.946281537	-9.796537948	6.772159484	3
-16.64583962	4.894616775	7.175893197	1.836875824	-1.126917098	-12.68023131	1
8.565015463	-11.97317664	-0.537881602	-4.424063737	9.695060952	-2.57911887	2
1.814484146	-12.54266263	-4.128616464	-0.214125198	-1.331107484	7.832105549	2
-14.58769299	-10.08308817	26.34663265	4.105481133	-15.11607302	7.045723344	2
1.524818642	-4.43890676	12.94861839	3.139389095	1.671898468	6.347029411	3
-0.307464819	-12.41521356	-11.69004319	-0.182720272	-7.788734266	0.126207541	2
-13.83115195	-9.965429065	-4.741723122	2.700062828	-2.776258618	-7.064264465	2
-1.779249777	3.577182911	1.172601923	2.032004077	2.509773714	-2.207592702	3
-15.93405614	-2.092192046	-10.4298383	0.44451558	-3.161858391	-7.508311885	1
-3.813097389	0.741846203	-1.597894463	3.686406936	-22.8051089	-2.042121105	3
-18.82566478	0.644102002	-5.854811586	4.901932471	-15.04183564	-0.045551674	3
-11.45961209	6.107884726	3.213892358	6.124344716	10.28147866	-9.834457517	3
-0.68377696	-1.076908602	-2.127140409	0.5586095	7.941914581	5.710345291	1
-9.36041322	3.148853672	11.5989674	1.107498158	-15.95864771	3.46116175	1
3.039655359	-11.14509249	-5.849080792	-1.166007434	-6.880015805	-8.458871675	2
7.984970377	5.88032782	1.241407715	6.777935132	-2.569085588	6.611611399	3
2.70620602	-9.057586994	18.8721512	0.045170299	12.74851875	6.97506845	2
-1.463489727	-11.57103411	-8.630215502	3.821141441	-6.928283442	13.7327597	2
1.281103998	-8.831760353	-5.635928607	5.937902451	6.266935216	10.6462436	2
6.081213169	5.85234422	5.353681532	5.081211122	8.514236739	-4.814149915	3
-16.38449935	5.347916055	10.19198467	7.355051898	-5.241019788	21.27054055	3
3.628079022	-2.670805802	2.646255577	2.637200007	-7.852908297	4.586512224	1
8.033477673	-11.70183626	-11.07250294	6.810765278	4.022976917	-3.259401825	2
-1.367543706	-10.06113563	14.48772228	2.853521357	-14.71953396	-5.525618556	2
-0.603445959	-12.3155958	-8.434163983	0.144625557	5.735634633	23.91089445	2
10.4939307	-12.35857568	0.079320308	-9.950261268	1.627592587	-2.72101115	2
-13.49040965	5.153509902	4.723608473	7.687095595	3.762565134	-11.04618493	3
3.521314599	-10.90944352	0.835618862	2.539898458	-7.745994333	13.90785568	2
10.35412309	-1.274177181	-2.588824729	4.467175729	-8.050416701	2.570592708	3
-2.725802953	-12.43479704	5.090363071	-4.106783605	-3.516249173	12.11165102	2
20.15611884	-11.56882307	-5.232462251	-2.00174467	-4.457626836	6.224200998	2
11.68129457	-12.48440939	-4.421601639	-4.503219962	-7.650676569	0.658293712	2
11.84591238	-10.36738558	8.168688942	5.911412856	-6.377179656	-0.860158024	2
8.816929616	-12.2560132	15.31419727	0.510968174	1.318660663	-11.3131592	2
3.77494329	2.129250921	7.073790056	1.948379143	-3.024278839	-8.56257527	1
13.39272871	-0.113535434	4.326068802	2.169251893	-0.967275468	-0.756863512	1
20.89204777	-13.8063444	-0.551282511	-10.32844262	-8.869616192	-1.609181478	2
-5.527541593	15.73855014	-9.510668267	8.243284788	4.175134348	-4.467207966	3
-14.77432967	3.939502292	18.55526894	2.160247744	6.900732832	19.50898998	1
9.928515759	-9.828954374	-5.877542058	1.988942599	-1.297494663	1.400509009	2
8.075681636	-12.75610881	4.704608815	-0.971661165	2.125328056	-27.10572878	2
5.46901531	5.907873891	-3.674460365	4.714082902	-5.143114335	-9.52443502	3
-20.04546258	-12.0261697	-3.710937992	-6.524298807	-1.478052495	-8.960649612	2
-11.66326678	-10.49608295	-6.248935199	5.723293242	2.29648933	-20.40520907	2
2.219367404	1.690284783	-19.37452947	5.801216157	14.10815089	7.115137647	3
6.856906842	-13.29224662	6.368711341	-9.450664892	-15.7395073	-14.52198512	2
-2.304001482	5.180469204	-3.060328976	5.894349971	-9.205920692	0.660994413	3
12.41332073	1.521983552	1.534368277	1.481144515	-7.476389007	17.31860922	1
20.99515162	-8.94770395	5.929850029	1.738153658	-2.309352141	5.57015017	1
-7.162209913	-10.12598653	8.160975565	7.256859203	-12.47191005	-5.765344414	2
-2.041811113	4.054361348	-23.00176731	2.584173323	-2.299967284	13.07411799	1
-4.944496252	0.801738115	-13.08465613	-0.054291689	7.813500478	7.636382725	1
-2.127000708	-12.70392865	-0.822254828	-0.697576889	-10.59259976	10.22969887	2
8.212063435	8.808057721	-20.87974538	3.869152657	3.550311445	-2.345512579	1
2.481691198	-11.57940361	-5.349398341	-1.599048782	5.408153495	0.645955781	2
-6.528683591	1.148712173	-9.315673199	2.122288484	19.39106991	12.8443194	1
16.90196209	-12.58416011	5.453488575	-4.971298244	-6.764574385	14.29216415	2
3.779129891	8.874872766	3.870493337	5.834393492	-12.89719095	0.459016044	3
-3.572998578	10.39457013	7.458921693	5.389402744	3.094009767	1.688406809	1
1.574305582	-1.248666126	10.51952172	1.365755069	-2.993723664	-3.737137333	1
0.043099073	-13.54573229	6.052790604	-6.823528758	9.86506705	-5.978158351	2
15.56237054	1.400840742	-3.997570346	4.349745835	-6.364568842	12.73800353	3
-10.96316677	-11.1234713	-5.548921466	2.227714276	-13.93319034	1.879800377	2
-4.72335678	4.022030034	-6.098659107	2.498784882	-4.693590449	-2.238469292	1
-12.65047	-12.3445422	3.512435127	-2.182704597	-17.70710439	-4.402321335	2
2.650954594	-11.15394108	-7.471223135	-1.279803834	-9.075610596	1.738128303	2
-14.67877252	-9.955431049	8.140469847	6.242479343	-1.608224272	4.386801021	2
17.95676201	-10.58371704	1.015685871	0.238160294	-12.08969888	-2.549672754	2
3.08911483	3.071415857	7.540800753	0.690308504	8.328603727	3.670352859	1
9.969421529	-9.831941145	2.831457211	10.29140921	1.89358098	-1.231451446	2
9.83857784	4.817932201	-11.5793914	5.539492737	5.132044368	16.01222037	3
-4.038842394	-11.60398416	-8.240629585	-3.414091417	-2.819451006	10.83273817	2
0.107554164	-1.115291899	12.87908891	5.861036202	-3.516817018	-0.095666364	3
-7.870388279	-12.32279299	-2.718993453	-4.123197799	-13.54501041	-0.725956242	2
2.04420765	4.54361662	14.54296817	4.611989897	-10.87033595	-6.504484287	1
-14.33516392	-3.414731812	4.317683918	3.018271181	-9.176177635	7.868158161	3
-17.02310111	-12.39376675	-3.865077368	-6.61249429	-12.15722305	13.91373013	2
3.364231005	-9.671438477	-20.48398718	0.16398835	9.777511182	-2.369890464	1
-2.504911122	-10.10453537	-1.736950802	-0.735030899	-13.04105349	-4.197117215	2
-22.40801421	-9.792745796	-5.969028187	2.589907533	14.58322642	3.032069264	2
5.139550714	-8.967205608	4.349327683	8.095036242	4.361628073	-7.13665723	2
11.92906127	-12.41177483	18.72966066	-2.058894988	-2.830252143	20.26202338	2
13.98984527	-1.519089731	-5.303996379	3.216126104	-12.3110812	13.76486787	3
-3.272595936	2.222377378	4.991088955	3.218273205	14.38910847	14.66283563	1
8.38157034	-9.107441938	-0.372785834	-0.697630607	0.509100628	6.526363629	1
-3.385338733	-11.82724835	12.49175944	2.581708353	-12.2699042	-4.992649788	2
17.10620184	-9.886165696	10.33362069	4.028579402	8.773737727	-1.493211763	2
0.385312367	2.428187672	1.163605708	1.144053519	-5.646567735	8.785986786	1
10.63994741	-9.369834505	-3.441184455	4.736901172	1.05508102	-7.652059385	2
-2.122002313	-14.5747287	-0.371264888	-8.562861078	-2.518466342	-6.50058314	2
-2.914233408	-7.918130251	-6.78898845	3.03336696	18.97507405	13.40675091	3
-4.409195968	-1.728538677	-24.26781675	0.571087628	17.6531144	-0.281636168	1
7.503068759	-12.00153281	9.429495313	-3.548747803	-8.29468407	-0.965931529	2
21.47362181	-11.09895036	2.246503089	0.284152114	-12.00559734	13.31299989	2
9.895617827	-6.705622797	4.484519776	1.492251757	4.033001382	-2.794784786	1
3.985914394	2.231813071	5.119085865	0.021059236	-3.81155903	6.749889442	1
6.256941483	2.091118758	-0.399954528	4.885826489	-11.98489644	-9.395667291	3
2.720976936	-11.42860282	16.62687773	-1.816424037	5.670261876	9.550616363	2
10.07695451	-4.326960513	-1.366390345	2.291091838	3.257051502	5.529604818	1
0.163888851	-4.36029457	0.102681077	5.412296801	-17.31223104	-14.68498062	3
13.86417242	-12.61590431	6.570560853	-0.256874064	11.61456227	5.690419079	2
-1.326280091	-6.005297084	14.35431882	0.875098672	5.741880859	-11.50363698	1
4.253031266	4.127315843	2.367724154	6.523510623	-6.347697383	-7.786945719	3
-6.037880258	-2.740261516	9.565722697	1.65748045	8.008777869	16.11754289	1
-10.12512306	-6.319251622	1.291717395	-0.038791146	-4.596776364	5.81027176	1
6.609138726	1.516345993	-6.076076939	1.155830349	8.209889038	4.074096808	1
13.65917535	-11.93231242	-5.971564122	-4.718222289	12.68452208	-15.80838222	2
5.971640733	-10.60259976	-0.944832641	3.428805812	9.813621417	3.750542133	2
14.95051157	-7.618585661	5.820349058	1.816337673	12.81333589	-5.002386388	1
10.89410548	0.678864565	-3.457861575	6.097913	-8.987095289	-9.378340713	3
1.523133706	-8.877872677	-10.09844065	11.43940431	16.44087154	-2.762649988	2
-3.236954096	-10.97012271	15.61745947	-1.884012309	-1.921784918	6.831145606	2
0.142883837	-10.23534288	10.78846769	-0.44270128	4.841344813	9.130396859	2
8.082515539	-7.639596536	-11.55561501	2.303501015	9.173488282	0.719213387	3
10.80405709	-8.204692048	-5.208604013	5.511853601	-7.306399154	9.094211311	3
-8.066833079	-12.99099136	-2.206915076	-1.680550735	1.382923833	9.155803471	2
-3.950351596	5.311163231	-0.120029528	3.657575152	-3.900760418	2.114975046	1
-13.52812542	-12.87939956	-8.056699852	-5.674000123	-1.660624479	5.020884758	2
2.987445426	11.83107932	13.4350741	5.853143829	1.867918603	-4.549212334	3
-7.753838039	-8.566364698	-5.459229889	6.709878771	8.17610629	-16.47110654	2
10.52516269	-6.70450314	6.914639615	0.566037703	6.574879016	-3.369349598	3
0.361483558	-10.57596469	-6.953970917	2.965228006	-0.431877308	3.324725568	2
1.231896618	-10.75724577	6.126461068	-1.027884492	-19.73492622	4.29098241	2
2.552511361	-11.40987897	-7.327925743	-0.374301845	5.127770757	8.202763049	2
8.144017414	11.21844758	11.42541095	7.209740524	-10.33464085	-7.199534847	3
3.074289358	-1.277302566	4.14626593	3.4922802	-1.430158455	6.136995122	3
-23.85917438	-11.89949641	-8.346015571	-3.301653932	7.106860158	7.545584173	2
-5.608175621	-1.014226742	-14.54156799	3.518578478	-6.556418856	9.197460235	3
-8.653281494	-11.5968013	4.861268715	-4.808536425	3.548116838	-12.20207219	2
-1.498558771	-12.04282796	1.259222347	-4.167848295	7.730402483	-4.57370768	2
2.010587069	0.686707954	10.97346654	5.744944239	4.186020259	10.17013197	3
8.617872153	-11.24303634	-7.121815886	3.748034081	-5.846912483	0.470351704	2
-7.323596743	-9.931343615	2.77012394	-3.203544333	-1.426253635	-7.125633355	2
-3.312873837	-0.898186365	12.6107921	5.704236952	3.114869	-10.23704491	3
4.379557655	5.090559903	-9.145408065	5.444214155	6.492831815	-3.300791738	3
1.891436513	-2.477159194	3.285237077	3.955580443	-9.776326878	1.578828167	3
-9.594842351	-10.77245919	-6.803625295	1.72480486	-1.193494665	-12.8043552	2
-2.892120613	-11.79528575	6.915201513	-2.237828175	11.06318968	9.618517076	2
-7.885417844	-10.07537146	3.890032846	2.577595166	-2.628492587	11.15488489	2
-12.60333026	-6.595118071	8.391431567	0.69652753	-10.38851529	-8.568271884	1
7.144883175	-10.22027871	-13.29498018	3.124982801	-10.59365449	16.33083329	2
18.49174992	-10.41696563	-4.45018296	0.009473211	-10.33848218	1.093348844	2
2.942995029	4.486972064	4.062590985	4.286328145	5.037964886	8.704948861	3
12.94140649	-9.389994986	-0.599080527	8.379642551	12.55957478	1.672147666	2
-3.133923062	-8.760419698	21.49405362	-0.940285895	8.029226358	-33.23462466	2
5.798352328	-5.663757203	-11.91628958	2.962828302	0.723716036	10.31531636	3
1.507006173	-12.01360525	4.52586128	2.339128217	-3.157825056	-5.778600944	2
11.996757	6.124118441	-2.654346789	6.285058496	6.089477454	-6.553962299	3
2.041990298	-10.81336682	11.73724138	4.595238388	-2.906942895	-25.78594298	2
-13.66824124	-10.26200228	-1.475848625	4.681323158	5.03285329	12.43612207	2
-3.116673205	-2.837381657	-10.04565401	2.534814413	-5.967492436	-4.989188336	1
-8.730306766	-0.855904698	19.51525156	5.017992553	-10.93593812	-4.070469935	3
9.166535354	-11.80534338	22.79505399	0.090176858	13.91972354	-1.518756353	2
-11.10031296	-10.75905509	12.29221694	-1.963259222	4.232576726	-12.06874019	2
-1.768336371	-0.084505651	-3.952989245	2.608811088	2.019956273	-22.16616451	1
3.135660989	-11.27628329	-3.010988607	2.518628116	-8.210946847	-0.209782367	2
8.271684396	-12.08397354	3.955133521	0.729562237	4.922072827	11.28789377	2
2.832491363	-10.5617808	-4.242096169	-2.062524723	15.44053132	8.478964236	2
-6.976543498	-11.4409823	-7.623237076	-2.525737434	2.022361699	-10.52215661	2
-3.731200016	-3.973015437	2.586065121	1.830449452	11.96874817	-14.89489727	1
-1.765703036	5.496646182	-11.42803611	5.191271048	-2.554994188	3.08530268	3
2.92957838	3.489517458	-5.249077347	3.85419846	-6.56892356	11.77240939	3
2.793185414	-4.304906393	-0.344922131	3.884156867	8.364699044	12.40760662	3
5.867005913	-10.78413184	-10.20462722	-2.065223492	-3.833894496	6.006521261	2
-1.382620422	-0.901443599	17.57693594	2.174319974	-1.101114668	12.01010675	1
1.681704554	-12.79672649	11.76290597	-3.185153092	10.27371976	-13.57174147	2
-3.99588134	-4.36620293	-8.005982926	4.13364874	-6.698045529	-8.364925353	3
-0.725589573	4.218450796	-7.598777957	1.093241237	11.52995872	-13.61144378	1
-4.23149578	-10.72477768	13.41099655	2.969773859	-4.530526296	-3.715017181	2
-3.708389683	-9.420986592	-8.077426943	7.962537021	8.518853974	-1.277298632	2
-6.312035842	-13.03399014	1.685258976	-4.421904951	-9.854037606	-1.31695917	2
-3.290630524	10.71569813	-8.798521028	3.893723466	6.988819669	-19.20287142	3
-9.292268684	-10.70003473	3.10495561	-4.297995166	-11.87601843	-6.745513181	2
14.67961827	-10.22275099	-3.182142854	3.253855442	-18.02976362	-10.58082549	2
18.26044484	0.946621196	7.810453499	5.446010715	-2.011935154	-0.916934156	3
-6.233583829	-12.81441329	-9.066240744	-5.490772693	9.100008594	-2.80133984	2
14.4699563	4.337984796	17.54875711	1.561197642	-3.667990401	-16.36285559	1
1.79195844	12.4711743	-3.184555898	6.476735779	-11.20987705	2.833294215	3
-5.833524397	-9.396388853	-10.22955129	0.586349475	-3.256895749	-3.201771929	1
-4.485492313	-7.768493419	13.30695742	15.01784847	1.767479499	-8.245350399	2
-4.252535115	-9.889956041	3.395486487	8.549831965	-13.54805447	3.647282751	2
-2.352660847	4.910080691	10.55753452	2.740459425	3.049721766	-5.633448314	1
5.091343437	4.698867317	7.482589332	1.735272233	0.636847602	-7.515703057	1
-5.841701952	-0.694942048	-8.455599146	3.928309822	-8.152422187	10.66125565	3
3.855979753	-7.288547762	-11.76845832	9.506799506	7.273476513	-17.884514	2
5.162130877	-10.73914735	5.871066874	-2.019871647	-10.50454207	5.266199516	2
-7.380066005	-12.17040419	9.126568866	-1.888087025	1.176720294	6.53050508	2
-0.742901032	-9.956916027	13.86252163	4.126237144	1.196385524	-9.254283585	2
-4.420452986	-9.145682768	-3.998903723	4.749853527	-5.976108696	18.7872671	2
-3.906332555	2.490861262	-5.309091787	2.259722945	-2.735743365	4.298019945	1
4.613356153	5.217148906	-26.47795363	3.977139796	1.864063337	-13.75771418	3
-16.15328749	-11.15631039	-13.38157101	-2.597681976	-11.43436064	-11.77100942	2
3.630204812	-2.595486203	-11.82632214	2.725936228	0.079961866	-6.445864512	3
-10.00621688	-0.725636472	-1.7174239	-0.214202275	11.12979804	0.054133774	1
3.951034608	2.058881385	16.26464979	3.055429002	1.905979621	-1.42963153	1
-3.578097575	5.538230347	-3.269777547	6.658569246	7.740585293	13.39500339	3
1.216381114	-10.40349044	-5.736736948	1.858817542	16.02784086	12.56746643	2
2.449116963	0.637807992	-6.919124672	1.893605576	5.623489077	-8.839144168	1
-10.15979596	-1.140878156	-8.474385908	0.992261223	5.846628655	-16.57023503	1
-5.630664517	-0.703551229	-3.84201232	0.636239911	5.838399896	-1.191915455	1
4.404347775	-11.72159472	8.964874802	0.394779753	1.579749581	5.784292532	2
10.65749904	1.263241275	31.77870138	5.863314635	-11.22284909	5.790833078	3
-19.02009577	5.014313159	-11.29060209	5.063977165	-7.43918514	20.7110445	3
-9.413231631	-10.79800694	5.516161559	-0.456455917	0.126286172	-8.202463683	2
5.793556339	-10.33329263	-4.143973708	4.721250458	-10.99567672	-2.326209615	2
4.123382118	-10.13290711	-9.3339803	0.592865398	5.206392582	18.58879877	2
6.760156025	-10.92852841	4.413305903	-0.402117185	-3.775674733	-5.952442775	2
2.957625114	7.487444968	26.03895983	4.289627643	6.577135682	2.507147855	3
-5.108766192	0.844030424	-2.441198546	5.866200444	-13.66672768	-6.50386932	3
8.020745035	-13.77798436	7.244459845	-3.324070175	14.20633904	7.626121338	2
-0.389162554	-10.31715031	-8.011259351	1.765726547	-14.87515529	-5.15084147	2
-17.21240047	3.230676538	-17.00497615	3.004131658	-8.104371502	9.579262339	1
-3.080389939	-3.409241431	-11.9044074	0.533409282	3.590116215	3.856940441	1
2.735000334	-0.048126183	-0.08236775	1.259061407	-0.702863409	2.671312096	1
-0.545258529	1.020522686	3.477402753	5.568125743	2.938418291	7.966435217	3
-13.73358285	-0.711934544	5.757970078	-0.411381891	17.54651945	2.806379246	1
-3.287719832	0.320722804	-12.43426167	5.605338121	-4.617492705	6.686013192	3
-5.594250676	-6.676155088	5.537960997	1.115556702	1.397943368	5.904585009	1
-8.867844959	-11.43269612	10.38760187	-0.324887139	-9.694433122	7.282670608	2
-0.689222286	-10.69097062	-12.04871634	6.561285358	1.233861204	-0.244633834	2
-11.40413461	-10.25283108	-2.013754458	-0.58500126	8.35863803	-10.28645071	1
-13.95707739	-0.838781456	0.66572538	2.776841468	-5.068767236	5.279807618	3
-1.533822524	8.152841053	1.177616925	4.216965279	13.88529882	-8.721941573	1
-4.432058378	2.084152847	-4.670076894	5.470237042	-4.304980878	-6.666487098	3
-16.25947885	-10.53103202	-0.586146915	7.035511546	10.28086212	1.629930631	2
4.017736378	-0.947748687	-5.049892796	0.59282794	2.824405215	6.363557532	1
9.74486656	8.798080792	7.249314466	2.469453824	5.161832437	7.513134296	1
-2.3864516	-0.264870055	-6.413251826	1.753732315	-7.992545684	-4.37705655	1
3.54703356	-11.07587636	10.7804893	1.353713641	5.024266934	17.63770118	2
5.802966813	-11.9285403	0.175460396	-8.173879856	10.49698136	-3.193975073	2
-2.560980186	5.724235793	4.779370444	5.655539075	3.77677358	4.272707664	3
-2.788452118	-12.57288087	-5.897113065	-1.120238333	-10.59332881	-14.17663946	2
-6.709549587	11.27193383	2.197941404	5.896349804	-0.480259102	-5.482577699	3
2.477100951	-10.17392325	10.70718795	0.497744513	-6.029567173	9.728857137	2
11.46981482	-9.100894736	8.578716076	6.03915239	0.088386285	2.237816104	2
-18.1716595	3.715871364	-0.568107209	4.792419577	6.87538879	2.013006708	1
-0.766961056	-9.090594593	3.361919995	5.663043919	4.963415092	15.20513871	2
-2.08957263	5.157113173	8.752879185	2.258990059	13.97669347	0.484710885	1
-3.14476971	-9.88813121	-2.691109446	9.075135116	-6.512369845	8.765021728	2
-5.706833571	-10.93506097	-9.259398473	1.259688319	-9.271422981	-4.856364158	2
4.037791963	1.100040504	-0.655093755	2.802168881	1.881746922	7.61934151	1
0.175633051	3.649087341	-12.84695704	7.237036589	2.103953744	-3.405157638	3
2.137046764	-10.66829979	-4.805489565	7.664001151	-7.929816196	9.205940271	2
4.582085091	-9.55621635	-4.700473281	0.913771165	-11.31272519	5.709182523	2
5.49510426	-10.88543705	-5.999149071	-0.710450768	9.467621745	5.338335605	2
6.422169431	-11.03031283	17.28082102	5.224161544	11.88433144	-6.891721237	2
8.512381648	-11.69091209	-3.102901972	-1.917500657	-9.928624968	-12.07696915	2
-2.209908573	-1.776419472	11.6336127	0.177648228	3.192609922	-8.985647349	1
-6.234713042	2.988108142	-5.950923044	1.414020799	-6.860150294	-10.51691828	1
6.753372545	-7.574738835	-3.77310141	5.264275495	9.837161993	3.031650107	2
-24.53550875	9.326932865	2.527484126	7.619262052	-4.344083073	-1.097987031	3
14.30343484	-7.272875925	-0.672827892	1.791322469	-7.379036524	-6.929979296	3
3.708073169	-11.08969654	1.648144	0.088145037	3.15602531	-15.35818168	2
3.051649563	-10.89947831	2.975910619	3.877496134	-7.199891555	1.243818721	2
-4.044710078	-10.13665699	10.95228264	-2.324442609	-12.5361443	9.980387921	2
12.04898669	-5.173097251	-3.312268552	-0.27847393	14.08141885	4.134788142	1
8.755430087	-12.26306436	2.336692982	-9.893633809	-0.52276102	0.487569586	2
-11.63072781	-10.59143945	-1.552517488	5.923870445	-6.48140423	-4.84257358	2
-5.089993032	-14.08977189	2.821252754	-8.828554399	4.517048745	7.591570917	2
8.985624545	-14.72224753	-7.186706523	-3.23404402	7.224194294	8.528926236	2
4.668361187	-11.32117565	-9.797507337	2.76658065	-0.246428604	11.54805455	2
-10.18583339	-12.42048472	-1.944774315	-1.480715509	-4.600858653	-8.480587469	2
2.20104568	-11.28354982	-3.426621135	-4.328731162	9.206196352	10.96818377	2
10.42250512	-12.82540035	-8.110340125	-2.514698471	-11.25579022	12.76328253	2
-4.379433545	-10.51018891	-5.135197958	3.329472188	-2.098670047	20.53526416	2
-1.747322499	-12.69545432	8.286761751	-1.177591214	3.427996664	13.77879273	2
2.943304452	-9.452430311	-9.526186459	11.91331684	6.074314101	-2.137098948	2
0.354454216	-10.4347334	-3.112745102	3.040506897	13.11634887	-2.089799154	2
1.732446226	8.136102027	3.347254794	2.55587793	8.53539305	-11.21091206	1
-3.828819403	-9.59288736	12.97112557	1.850924977	-22.20011189	1.830253939	2
0.645144858	-10.58617207	6.700989266	-4.817695683	5.017554252	-2.362919279	2
5.193471065	-9.242238155	-4.052383292	8.414736956	-20.41700224	2.600403388	2
1.677490388	-7.669919477	7.460150123	7.446086288	-1.984088898	-0.042676256	2
-2.236337189	-12.03203349	-19.85812979	-2.224579823	-0.773451033	-4.594394756	2
-16.3889631	-10.81882653	-0.10706074	-2.797287147	-14.05101968	8.938986642	2
-16.98027916	-13.30124837	6.212267549	-9.99768228	4.337192736	-5.082822836	2
6.903822223	5.806642568	-12.75418861	5.744969641	-7.046980663	3.664187979	3
6.993972824	-11.36666551	-3.876388126	-2.268002253	6.2481028	-0.327571799	2
-4.327976276	2.341532774	3.061656963	3.168046345	-6.610889541	-3.049321482	3
15.53967227	-9.843798074	-11.31415004	9.739605025	-11.76831656	-9.795533791	2
-5.796518614	-10.38151169	-13.8215021	1.235126242	21.46816153	2.251115148	2
-5.779753017	-11.00594819	-3.479348917	-3.485581882	-14.30610076	17.14780755	2
8.847989453	-11.47086609	-12.70758162	0.775776222	-3.481323725	3.566590636	2
-0.488914396	-12.36492125	4.699432024	-0.102280628	5.409304879	-7.639306252	2
-2.093214206	-10.67909347	3.843316395	0.454839389	12.79679909	-1.322633487	2
-1.261411615	1.668190829	-5.397866699	4.445094325	3.983486583	-3.462253635	3
-3.100451534	-2.599769199	9.230195613	1.4854801	-1.89962855	-3.980754883	1
-16.62824996	-10.17401204	3.165247418	2.760168443	2.602626202	-1.048205145	2
-1.726486873	-12.50913084	8.215413847	-3.982720449	6.000215014	0.520588004	2
-0.153539318	-9.864533919	-5.435292421	10.01550729	-11.51454323	-2.672824563	2
8.999821782	-9.185712507	-17.09148644	0.872041874	-9.206478328	9.67002019	2
9.175209851	-1.775944778	8.839910543	4.231341877	20.6166911	7.484830129	3
0.108704689	-3.859938076	-3.184386192	1.247338859	2.085230925	-2.700227678	1
-5.942750894	-10.37508465	-11.48365325	3.683950286	6.827654739	5.326794505	2
1.478006499	-11.02437956	-6.70048813	-6.034264218	11.06491897	18.59845497	2
-4.741556284	-10.79387952	-0.459138126	-0.105299457	-8.555777537	-6.772411777	2
11.12235089	1.070671474	-0.539492431	4.316951659	-12.2299566	-13.54028747	3
14.28697489	-10.03478487	-4.147732319	-5.19928183	-4.16740105	-7.780859935	2
6.315223729	2.695208665	6.504543775	6.868025092	-14.2791291	-4.642306345	3
6.104168251	-0.250069269	2.26358654	0.740827314	-5.31825123	7.442112261	1
-2.271185637	6.434584083	-10.3443971	6.310514049	5.745699622	-9.20075415	3
-8.914224469	-12.09765808	0.107880927	1.757616087	4.463190176	4.468118623	2
-9.973582355	-8.884710461	11.1311013	4.567992642	11.12801994	-4.97661443	2
-8.202306654	5.843383769	-7.7529089	5.799978409	5.154497491	7.126906277	3
-3.215854725	-7.364818246	-7.87128953	0.114382295	-0.747920068	11.1451174	1
-16.41927243	0.005149935	1.7593899	1.816432317	15.83157771	-12.67836069	1
9.173368847	-10.72558487	-13.35149356	0.650752903	7.427405384	7.932470789	2
9.371221198	-7.438159541	-6.031481323	7.851796993	-5.938511694	5.045092825	2
-0.39734196	-11.84926449	-8.741747567	-4.1243901	-7.192818824	3.561592522	2
1.60973013	-10.9548875	-14.81405322	-6.011227985	-5.541567335	14.52487223	2
-2.617232161	4.331585407	-20.20760978	7.570511999	-13.89481539	0.390273066	3
10.77854581	-0.752053712	-8.992263811	6.195740116	-6.887744218	-7.214806603	3
-4.327010719	-10.98400627	-15.1545032	-3.627870451	-4.638216613	-1.313324215	2
-15.78958879	-11.47734838	-11.54752028	-1.957476263	-9.343659379	7.492594536	2
-12.32252881	0.088428726	3.725947536	3.952418954	-1.929612896	-6.459358183	3
-14.03044093	8.050802105	-12.74735102	2.144791917	0.259016177	-2.32238193	1
5.827889067	-4.889332613	6.842755099	-0.263836748	-3.117631007	2.698847219	1
-0.033188613	-12.44964366	-20.72689157	-3.022886169	-0.764556644	-9.548931457	2
-9.11842573	5.57259485	2.273171565	2.127276186	-6.682337118	-4.308195731	1
11.01458264	0.309308239	-6.38112659	-0.148539449	-0.967533756	0.292618951	1
9.403886322	8.911186325	-1.395269295	7.380008293	-7.628035032	-9.13792684	3
-18.91999107	-1.857732311	-5.631001661	2.672630292	0.582696195	9.131615472	3
-0.957001097	-12.04997137	-4.903297057	-6.11688174	3.253815478	-6.648614865	2
-1.517198302	-13.08673381	-10.08420753	-1.058477452	-6.600369096	-0.360074025	2
4.235856372	1.277001394	-2.541529677	1.69658719	-4.103983199	-4.318512087	1
-8.928835226	-11.60495983	1.612791048	1.702942564	12.38204925	-15.60048768	2
19.20975057	-8.824141598	11.93913222	2.002939887	-0.030669134	-12.2354436	2
-8.541848363	-6.082027058	0.025615828	0.548683478	1.045494736	-16.50109373	1
-5.528728466	-12.4789276	2.154950156	-0.037214231	-2.39584635	-15.39152638	2
-27.42173014	-11.38453537	8.288646327	-2.03067919	2.764765246	-17.99717242	2
2.978334465	-4.473169487	-10.78973149	2.298382096	-8.111500709	-9.859698256	1
-13.46602166	-10.99096447	10.69064626	0.383925515	-1.936879361	-6.910531383	2
9.926422464	-10.67715996	-9.171223725	-2.123610942	-3.548477045	1.710532693	2
-5.069473534	-10.99492724	2.20932876	-2.62385054	-12.25747519	7.815777112	2
-5.53994942	-12.22555977	-0.164707137	-6.808218745	-0.806905402	-17.97099283	2
1.499419918	-14.01768417	2.464540651	-9.550683479	-0.612367308	17.0714112	2
7.087844867	-9.324272879	2.621783257	3.64765131	17.74197738	-0.772159692	2
5.769148726	0.323323353	-7.315770085	4.720294102	1.04143081	-4.297527846	3
-14.76803202	-10.05211118	6.628317029	6.320872258	8.515614902	6.197317997	2
0.239149147	-11.95865643	-2.575621941	-1.533315715	-8.210334944	-14.37729175	2
9.55258233	-12.85490647	9.787038932	-5.634999684	-4.958407328	-11.72074546	2
-4.925811389	-8.768798055	-2.220984291	-1.239735902	-7.280879516	-2.023535723	1
-3.251179428	0.296130599	11.90811521	1.275638805	-17.13860044	4.320776319	1
7.540410036	-11.86526881	-18.7637311	0.540263588	2.035866935	4.046466286	2
4.333051227	10.14085096	-3.756795806	4.214046005	0.725882121	6.700410048	3
5.154010053	3.601048858	11.23338722	2.574779903	21.45310577	-6.795292413	1
2.274182218	2.84121779	7.314185937	2.591210044	-2.811802572	11.15852727	1
6.549477196	-6.582460467	-4.588784973	-0.292088071	-4.114883812	-12.75156633	1
0.476720091	4.322611589	-9.198519639	3.040976161	3.205638644	9.477740931	1
-7.797825791	-10.00700092	20.16553505	3.914872459	-8.104663598	5.612072752	2
0.363765219	-9.990942727	-6.066062682	6.187609764	9.198795242	8.958837815	2
-14.62654453	-5.231475917	3.615744051	0.431097755	-0.300733342	-11.11660428	1
-1.935224825	-11.49550473	-16.28734465	2.275859398	10.03773168	-1.100245439	2
11.33561782	-12.4607469	-12.76167232	-3.083475687	2.523143744	-10.07621219	2
12.67779284	-13.77992961	9.889559004	-9.22568937	8.629271165	6.786397701	2
-8.630657399	-11.01149826	-8.850074598	-0.510752252	6.970421609	4.926884823	2
-0.323166321	0.613360885	8.3954699	0.699015764	-7.365461538	2.881640167	1
1.062206722	-11.4857581	9.464650376	1.580006572	-2.072623872	2.997676012	2
17.30166444	5.62999288	6.922091736	6.287781779	1.932206824	-16.78866658	3
0.938880862	-13.11267838	4.988381985	-6.935713474	1.24591184	0.630937552	2
2.670673229	-15.33079351	-5.06113328	-16.03350035	2.958401315	-35.16929504	2
-6.075741311	-8.71070187	7.947601631	2.762249248	-0.750507466	-3.85561165	2
-2.767171243	-9.503006	-9.831353071	10.38387833	10.35391642	-2.508412768	2
9.471605049	3.84273895	-4.625430933	2.679858171	-4.82484789	25.09393618	1
-0.965085546	-9.747663938	7.9623844	1.837383746	-3.629668741	-3.519658659	3
3.507010634	-11.70482259	-2.051846651	-1.829961762	-9.797351747	-13.77114877	2
5.725591029	7.269347452	1.278847623	2.176049872	10.8873744	-4.077258522	1
7.862842573	5.95405327	0.221457614	5.549618606	-3.496014106	6.591930817	3
1.115960283	-9.230254861	12.65308549	-1.237268704	2.15473687	0.704157923	1
-13.90181506	-11.12018822	-5.267001548	-1.854709391	0.506934889	-17.46032149	2
-1.814575758	-12.50742177	-2.32847095	-6.597856026	-3.258364313	1.152382826	2
-3.500696384	-10.59089745	0.282806212	6.801537235	-4.978092744	-11.43763262	2
14.40668639	-10.60636673	6.671995627	-6.213272294	-3.177860615	-1.060825835	2
5.582452602	-10.36924413	9.559732382	1.735605198	-1.874141184	-3.358887168	2
11.64625607	-10.64379642	5.135112008	6.104958849	6.328006022	-5.069435112	2
1.172414206	-11.31789105	-4.643523483	-2.309328455	-1.051342429	0.901138204	1
-9.659182401	2.304019958	-1.030177153	0.387115757	-1.723609074	14.33970639	1
-5.789872939	-2.6274215	14.08572133	3.870437859	-2.694847122	11.81078553	3
17.18231844	-1.88983566	-0.632234205	3.023460804	-2.246835069	5.057020953	1
-0.084755634	-9.185533623	-7.280240462	9.00507528	8.033195508	-11.68847075	2
-3.594068691	-11.6217016	-4.801198119	0.050589455	8.512863313	-6.57062824	2
-7.434488887	-10.11266374	14.44817372	6.005091611	6.122432516	-10.06303695	2
8.933595466	12.00444955	14.62372655	5.502724066	-21.29818346	13.3115661	1
0.671488686	-8.886440005	4.679479258	-0.916426818	9.08327623	-8.279614951	2
7.820801889	4.722672942	3.843065892	4.779237627	0.255998987	-11.35052123	3
-3.015310657	-11.71837316	-18.51162781	-1.165346949	7.018086543	-3.621646332	2
0.317247628	-3.200463556	-4.357398911	5.212443353	8.580882773	-3.852254229	3
-9.058042731	-1.421119688	-18.13218102	4.846032982	2.303465516	5.304333628	3
-8.125377058	-9.447337035	-4.272599571	4.784168864	10.65127278	2.960651556	2
-18.81451042	-10.52026415	1.729282946	-3.846557505	2.076538283	-3.921862595	2
-12.37457766	-10.98797644	-1.599311103	-2.881608524	0.613828133	-8.501530734	2
-9.751415795	-8.312506918	-13.21838871	1.745628719	-14.89427047	-6.862192734	3
4.296313328	3.065740778	4.522607396	4.834604256	9.113203263	-8.12926362	3
-7.752738471	-4.518757931	11.56127961	1.176676859	-11.0591838	5.525863367	1
-1.99632351	6.161277318	7.850137046	4.707134776	-16.19073945	11.87933175	3
-4.096403221	-11.19217428	-7.605183162	4.668522942	-5.362816635	2.997146973	2
16.68871117	-13.05457902	-2.572768038	-5.600425733	15.90752448	7.298942744	2
3.41793041	-10.23182559	4.618902942	1.848107518	27.55693478	-5.255369764	2
7.803231594	-10.28073497	-0.188430464	9.255289672	11.03523282	-6.592169217	2
3.011926231	-3.029828144	-3.023347685	-0.815076681	6.496119507	8.201581347	1
-0.989176111	4.139802055	6.939538634	1.777302411	0.80509887	-6.366235142	1
-6.697614403	9.225895656	-11.04755075	1.694087278	-2.255799822	-11.23037678	1
-4.466632099	-11.56573597	-5.106947912	-3.034746962	0.641538453	-9.032196082	2
-7.959312878	4.126092137	14.44011968	0.544593224	-2.894219465	0.764005238	1
1.851670784	-4.278141498	2.892454655	0.290409531	6.082473366	0.5945446	1
7.581089625	-11.95552353	-1.94460919	-3.666309447	-1.86909708	11.51097634	2
5.371237394	-9.56014172	6.855638261	6.342891719	-4.372053991	0.355462102	2
-1.900743325	-6.894437922	18.98297747	-1.541483539	5.132145131	1.011191589	1
-7.820648388	-12.42444074	3.452241399	-3.108015275	-4.976329428	9.769562335	2
9.293964297	-11.72246776	-0.928394031	1.012676656	8.083702535	-5.084393267	2
12.46676186	-0.748808115	5.652346326	6.120587264	17.83487053	8.211315001	3
-5.379754066	-2.408060783	15.82825901	1.038044649	-0.222135938	-17.51644901	1
0.814573993	3.808371225	0.626477101	6.648518548	22.79255485	-5.973171279	3
2.918534257	2.167749876	8.716133846	1.370619588	6.701902706	-3.887044513	1
7.326256296	-2.303567936	4.21551543	1.450780419	11.7980995	-13.15516204	1
4.032002927	-10.98946374	6.560148877	0.230635278	4.93592637	4.073125688	2
-4.966063956	-1.078604992	-1.546938844	4.046943012	-6.759304585	0.51833159	3
-5.242157106	3.230377933	16.12438667	5.312618691	3.812035002	4.65530179	3
0.967873956	-11.0359694	-2.888627459	1.441554056	-20.73363771	9.40572043	2
-14.30281232	-9.843202546	0.420236067	2.447428078	1.976695823	-10.09698959	2
-4.751202237	3.432179395	-1.753932547	5.653915043	-21.56523072	11.94662716	3
-6.439320204	-11.29757037	-6.834493284	-4.334180253	8.291484793	0.324328786	2
1.465978811	-12.82586035	-14.72926489	-6.664471026	-8.59556716	-10.76543455	2
-1.381746429	-8.473374559	-1.61113023	7.959925382	-8.810581441	-4.337129964	2
-9.203103064	-12.02381875	1.634420662	-9.740230538	-10.06575354	-5.331360077	2
3.497001436	0.746688291	4.933629417	5.819584758	-1.714801861	-5.65071326	3
6.109988185	-6.486807406	8.745111569	0.182386238	11.12876937	-4.705774286	1
-16.02093164	-3.270503082	10.10103458	1.151690601	-0.390316821	12.47488491	1
-8.440578001	4.349374311	-16.15654896	2.378768385	0.191687685	15.72557016	1
-0.819821973	-11.0967244	15.43672318	5.790303317	13.08073804	0.70812101	2
-0.283178997	-9.311768742	3.647790639	4.637190775	0.417115201	-4.131975083	2
-5.895295114	-9.655181685	4.231409214	-0.705271479	0.612576742	13.31679158	2
4.409529242	-12.3972916	-11.85214967	-4.06856386	-3.127861758	3.155252845	2
-0.349656822	4.714158767	3.63476698	1.381753119	-11.59258437	-11.77284403	1
-6.207544738	2.663859199	-3.295502732	2.544751041	-14.17332825	4.038690767	1
1.218858016	-10.7611577	4.580061791	0.557811429	-7.512785659	-9.636232037	2
-1.909241714	3.743104515	-14.0899875	2.985463514	-5.71526578	-11.64310946	1
-0.584709006	-9.04253342	-5.348150043	7.663960657	16.97882705	-13.51986329	2
5.59492318	-3.505728505	-4.490965753	0.470390601	6.410115283	3.593833371	1
7.234823442	6.074299603	-6.12442899	4.953419003	-8.267517354	10.90213284	1
-2.085179875	-12.72335718	-7.003942024	-3.636653746	-7.669937448	-1.411553267	2
0.106458029	0.433990167	10.41039469	1.828805075	-3.878134284	2.310792156	1
7.488286993	2.359185998	-18.8601242	5.676963071	-18.62153727	-1.798569296	3
13.68441212	-12.56296318	-6.451365698	-1.005153245	11.84112728	7.51997964	2
11.22934794	-10.17289314	2.510450156	2.116361867	-6.921530649	2.178083262	2
8.333764289	6.549601691	-17.14792044	3.750693024	-13.19422056	-6.258043988	3
-3.13059712	-3.875983506	-6.049400899	0.128195884	-4.4239563	25.49298073	1
-1.222554662	-11.36072669	1.765899159	-0.500231396	-6.651873111	-19.2381367	2
-6.36706642	-13.62693067	1.231922575	-7.032008656	7.085791369	-10.26545846	2
-18.90064815	-11.35349543	4.787896638	2.095638359	-7.335588006	-16.62293812	2
-0.087815508	-0.976927079	7.102721765	1.261352945	1.660593408	-5.894407347	1
9.092643308	-10.67495127	7.1485681	2.83940155	-6.26768101	-5.524646001	2
-14.62402132	-8.45200202	4.681158273	7.913971554	3.563071582	-10.40219655	2
10.60349327	-3.237274722	-0.732827829	4.107929135	-16.72485033	-9.87679675	3
0.174203326	6.296070505	1.216162282	2.060335374	8.30588115	-5.875040314	1
-1.347204641	-10.02141071	5.548235384	11.722892	-9.571176366	6.661748741	2
2.622672934	-6.004546831	-6.136853776	3.39225617	-1.927336207	3.188203597	3
0.186901726	-11.21234507	-2.933404334	-2.059094946	11.18453626	1.289655651	2
3.917624096	-11.02332166	-2.8075185	2.900752777	5.830088275	-7.37031609	2
5.61071694	-10.23413724	11.17109505	2.285570009	1.495531307	0.411119615	2
12.99131415	-9.166161833	-1.374851259	5.091385934	-11.43498224	7.299788522	2
-17.21653541	-7.199935023	7.36250643	-1.203812688	-13.09246225	12.07484068	1
5.798298331	-8.716389483	-10.7565151	0.702992708	-5.366338368	12.28780397	1
9.808455367	-10.28964459	8.350987307	6.450960884	3.667207183	-6.549467059	2
8.222281606	0.36253943	-4.463651079	4.844732055	8.360617722	-4.695414734	3
6.706329478	5.267809168	-6.264584658	5.575539304	-7.608357836	0.428011234	3
-3.605146767	-11.58658967	9.166734456	0.686980062	24.09732521	-8.633987489	2
-7.688759467	0.284312874	12.3078724	0.434245381	-4.347281178	-4.13784049	1
1.219381629	1.717112494	8.974099041	3.584244733	2.4670607	-5.820201006	1
6.361212068	-12.48481607	26.02674863	-4.318130784	-9.692559381	-0.123546619	2
2.439838772	-7.158966394	4.742611716	0.013015387	-14.85568567	-6.498807326	1
8.486195594	-10.70707223	16.95905354	1.965759983	3.432918271	-0.990876422	2
3.763582767	4.631196487	-12.0046268	2.372264536	0.672621433	1.127604184	1
-2.142235894	6.608133257	-8.668586975	5.262967833	-1.38089651	2.882474804	3
-20.53196227	-11.77595223	-8.63774348	5.074111714	-1.626604467	4.568019655	2
-0.02355225	-10.44057822	5.31742239	0.300240912	13.59014103	-2.97532772	2
-14.84498681	-9.462043061	-0.300337739	2.330097492	-1.772992954	-16.75991898	2
9.569134591	-9.229208616	7.413090373	6.433700093	-12.66624128	-10.20984028	2
-2.572533113	-12.64623047	-8.554021389	-6.719852563	7.305752679	-7.173003438	2
-4.208375916	2.419416396	-0.437130901	4.519033425	2.544551604	0.308415376	3
-10.99778058	2.167815076	-5.570320039	3.062368725	8.325786148	2.549236266	3
-15.70470161	5.832684755	-14.81783839	7.201551933	4.604005268	10.11538581	3
-8.309408394	-10.06077427	-17.19490622	7.54373327	-11.29411735	-5.83560217	2
18.46442703	-13.50160369	-17.18817289	-6.712314939	-1.826325035	-5.493786514	2
-6.762072459	4.115443556	-4.178338766	4.977743745	4.336881513	-13.10843964	3
-2.656516842	-11.8604325	-0.182795607	-0.494158876	-9.849366856	-8.931079703	2
5.974379194	-10.45456037	-1.78701931	-0.433472953	-5.313050396	-3.009118501	2
-3.751381667	-12.74654562	9.794982504	-11.81256608	5.70947946	-12.17698723	2
-5.030602918	-10.5425039	2.138311533	5.666047964	13.41139282	5.942650501	2
17.19205043	-11.8036234	0.373786148	0.722514479	2.599611379	-4.525962143	2
7.255938152	-2.897493766	5.285525733	-0.602856251	-10.36277629	13.26214323	1
-6.61066021	1.287968099	12.60661954	0.400599239	12.91842499	13.29081592	1
4.709985486	-7.345959859	-0.897632846	13.64480374	2.672658929	-17.37928683	2
-6.899252232	-9.718967919	-1.933117556	3.057790699	3.773211046	8.306658501	2
4.202747925	-9.700806543	3.788702621	6.85082712	6.66377181	11.41492652	2
0.534671872	-0.501970296	-2.197144657	-0.103751948	3.055960885	-1.648646069	1
-8.670588025	2.878472738	6.351496586	3.640006752	6.956285946	-6.587672894	1
3.023446589	5.431095979	0.43599637	4.597822646	-2.359111297	-3.0411229	3
0.85471512	-9.599477227	-1.019411951	0.954455397	-8.820770355	-6.228295267	2
-5.291296507	-10.72769553	0.805720659	7.517672746	3.464078893	-6.036611652	2
0.735065669	7.042968252	-5.189889244	7.845414165	-6.192568068	0.993395653	3
14.08426778	-2.981768577	4.718907885	0.470726387	3.443889312	-0.012306265	1
11.50882657	-13.65126842	11.9289333	-1.205392846	7.656106166	1.572388892	2
-5.97840257	-10.96973784	5.879046793	-4.118999085	8.612526283	-2.95059213	2
20.7624669	-10.72453906	4.306523656	3.392107132	12.15827296	4.632803617	2
-4.313217	-8.792682224	-3.927882311	0.549754927	-7.082533242	-1.567531333	1
-4.604676286	-11.67891956	-1.280053983	5.009263984	-4.636261959	16.3999196	2
-12.65002891	-4.581702476	16.28333142	-1.523903686	11.44388286	-15.36422223	1
-0.400652305	1.29692839	1.752620879	3.619477394	-1.621279962	-6.195109538	3
6.005584219	-9.984184578	0.062985086	2.7322239	0.245788523	5.232893896	2
9.321948237	-0.521457115	11.50926917	0.288815626	5.528153473	-2.199432326	1
-3.959618913	-11.73638779	-9.089584332	-1.167420141	13.38678779	-0.462013932	2
7.027644361	-11.19304101	7.882717133	1.842868918	-13.61196799	7.116343168	2
7.496139495	-10.69815877	-17.57846686	-1.682772101	2.894262338	-4.238621509	2
3.667877156	-6.657375023	0.724223284	0.854069056	6.776483754	1.857043635	1
-8.723892384	-6.637689275	-7.253251795	2.261985399	2.590723147	-5.075050154	3
-5.998272209	-1.330547169	-4.302116255	1.892602152	-11.64786541	-0.641498646	1
-3.04792565	2.837048537	2.679256485	4.752195016	-10.55002574	4.762996785	3
-14.19873006	4.491968699	3.753264474	7.449854422	15.13341184	-1.544112938	3
1.98250598	3.216982857	10.76310782	2.146995279	8.81144304	-10.27174521	1
12.26328462	-10.77555208	5.622939029	3.416536879	6.643547528	1.480739145	2
-18.7037057	-3.477452441	-11.35967002	0.407208363	-4.610594113	-3.126702822	1
-7.981146273	-11.67159251	-18.64391051	-8.04626098	4.191810017	-7.038439467	2
-4.795348795	-10.55265238	16.20160577	5.810188296	-5.540849029	7.398316827	2
-10.67030037	-11.66504665	-0.936791262	-2.262422646	-6.244875991	3.337893701	2
-3.553171041	0.018829841	-0.809806927	3.62216594	-6.400607295	-12.99208434	3
17.95023534	8.933727567	-1.13560844	6.156670341	-14.14902349	-9.505104864	3
-2.097869355	-8.546561914	9.344864644	10.98814087	2.720915957	-19.23782733	2
-17.18980035	-11.23782054	6.81345677	-5.030996036	-6.3609098	-0.383000267	2
15.39709584	6.863597134	3.894808536	6.051898258	-6.41796989	-7.907232888	3
-3.153936724	-11.17824983	-5.396928198	3.860372408	-12.93603282	-5.099858515	2
-2.971791917	-0.273021785	2.890687033	1.345860809	1.560311506	-9.573158659	1
7.721203988	3.410248263	10.77261033	0.470799268	1.74968315	-15.0851102	1
11.71454598	-6.951574	-5.872671175	1.227019454	-5.180030781	1.481876951	1
6.99411157	6.559539933	6.285694387	3.402242786	-2.164305476	22.41000467	3
16.29130998	5.826700306	-9.385660832	4.749870979	-6.274945942	19.24945825	1
-19.37987343	-11.74515973	-5.938428595	-2.586060045	-3.289104134	4.194034411	2
-14.52762952	3.190065713	17.41804696	8.138420831	-4.35964813	8.085304432	3
1.86475111	2.794462966	-6.015022898	4.006743707	-4.158555278	-9.741604676	1
2.57091157	-7.213985111	-5.981356909	-1.762594778	9.584074378	-6.663433635	1
-0.983330127	1.541304577	-7.813675066	1.620228913	10.87337138	0.767347391	1
1.33984119	-12.51015453	12.60939216	-2.055224766	0.252988073	-9.725406424	2
-8.70606251	-12.29017803	-19.19921656	-1.917589976	1.14850755	-0.490184187	2
-0.962898801	-10.55298604	-9.266777135	3.185597281	8.130863899	-6.753477983	2
9.45169113	-8.890465599	11.12276158	7.028184424	12.12746137	-1.872858438	2
0.088040963	-8.837591542	11.46404305	2.380126967	3.837416337	0.348723088	2
7.254282627	-11.82150582	-1.993988808	-2.250072214	-11.28525139	2.985196791	2
0.21849874	-0.810792528	-5.062536852	0.61796159	-18.68823521	-8.015451088	1
5.475515498	14.26399134	1.915943387	4.479621646	-3.944402348	0.865262317	1
4.144874998	-8.969328825	-2.74949891	3.081968362	-14.311498	-0.520355306	2
0.828598806	-11.72999343	-0.513595202	-2.187543447	11.00920066	-6.664154864	2
0.319643194	-2.176929256	-0.862725882	4.665206525	-6.572039668	5.171316696	3
-9.647776114	7.942765821	4.961762239	6.329110809	6.115596277	6.093214255	3
5.230173333	-10.02919004	-12.32223547	-1.012989842	-23.15048113	-6.380110208	2
7.081317448	0.89628656	-8.550566993	1.773244513	10.76013381	-7.903210554	1
3.098906802	-9.508915811	0.1607395	7.215512515	3.327163265	21.65155193	2
9.460606532	4.953199609	-12.43332528	1.301085937	11.69875673	-14.49385993	1
8.010783839	1.272227425	-1.529627612	4.182204587	-10.65719077	7.427411386	3
15.93021354	-12.50683122	-2.842309543	1.87175121	9.949212022	-5.745982186	2
0.868341503	2.343548803	5.630770944	4.725389832	7.993086785	-1.388102451	3
-13.57668898	-12.84139684	-0.554294064	-3.097568535	12.79230346	1.657974883	2
0.339722012	7.522219755	-0.140278487	3.177452817	5.339359867	-2.583799601	1
22.71754601	-11.89007197	-12.21998717	3.187636832	1.409716183	-4.461953466	2
-10.58448444	-10.25333305	-2.225460338	4.164543503	19.39394324	9.919393437	2
5.31437471	-10.88919801	1.524432424	1.476038665	-2.052421614	-5.010651919	2
-6.068765129	2.25903385	13.01016998	6.965099071	-10.85343878	-2.751025615	3
14.41855638	5.603484727	3.071064318	6.406456618	-2.519332184	3.168228588	3
17.98972437	10.27457807	5.364296898	5.525284171	1.796675581	-10.86374639	3
-3.115619572	4.499279869	-4.133054614	5.449735805	-3.165539058	9.249970516	3
-8.428711939	-10.7657753	13.30520252	1.183530359	7.871621911	9.72619677	2
8.05643929	3.569426512	-17.34607342	0.999147553	-3.765989118	-0.501591069	1
-5.294805923	-2.031888558	-12.89535663	6.567494882	-4.097860028	7.645858759	3
11.68822475	-10.83255598	-6.401844415	1.921619029	7.749308481	0.224588266	2
-1.196510689	-11.26999693	-1.200824046	0.725879099	3.043033298	-6.174170216	2
-7.28567655	-2.126864811	-14.54471508	4.640748564	12.56645682	1.957670284	3
1.687781828	-10.53058734	-6.048703414	-4.57355715	-0.247017415	6.691318919	2
-6.429772603	7.442009856	1.644769974	6.806601435	1.55123802	5.690483645	3
-12.13030281	-9.301134223	-1.753267085	11.47938937	8.503121965	6.529171737	2
-3.298864046	-11.60646486	9.756400773	-3.017377574	-3.912940417	-3.689064928	2
-11.67801925	-5.484522745	0.345091045	-0.904576861	-4.805045575	2.908444952	1
10.44683302	-1.389389132	-3.38018767	2.830308814	-2.559733104	-1.783995676	3
-6.946590592	12.17111691	1.735437424	7.55273287	-0.911221453	5.663001604	3
1.856793572	-0.357692707	9.59919547	-0.802845733	-0.385908075	-2.791310353	1
-7.397936914	-1.865525909	-5.841551726	-0.223876163	-5.216689532	0.600427818	1
2.11600885	-11.36651265	6.790059255	6.383407023	6.338745567	14.19122057	2
13.63341041	-1.728078427	11.46235067	1.35658541	-15.09766691	14.04444624	1
-1.268310062	12.52300284	5.827160218	4.185919601	-6.385590455	-12.4400386	1
-0.398931146	-12.66579769	4.614740196	-7.884067952	6.074074918	-8.732919002	2
2.582411609	7.34248775	-3.08118126	1.977066815	7.877518897	-0.225843578	1
-9.039280017	-9.298474833	-0.850779634	5.461419683	-1.182575502	-5.390416116	2
-0.801285795	-1.676127746	-10.63500597	4.847641946	5.190840711	-0.897177071	3
-0.803175896	-12.08596419	6.745864756	-4.84870688	4.049855309	-14.32284906	2
-20.20129962	-11.69976049	8.018993939	-1.488868125	-6.789534403	9.172325378	2
7.334541008	-12.02073519	0.610387937	2.103396272	-14.70595901	-4.535523614	2
23.7270161	-11.31227179	-15.76257846	0.645814655	-12.43120413	11.58550875	2
0.589570744	0.698508212	0.986279938	1.296880387	4.745190368	2.55578651	1
-11.42614013	1.075003484	2.519778011	2.755201076	-13.97826096	-7.256672024	1
-0.939623984	-7.745374421	18.54224808	4.609191566	-9.379589251	-7.276798314	2
15.81382779	-10.19825033	-2.469356946	1.999015676	5.268962365	7.245877976	2
10.24776268	-5.466296828	6.619536214	1.569992903	-8.323641609	-1.307485684	1
-2.910051764	-1.445258183	28.68084684	1.984200891	6.202281693	-6.930427717	1
17.70219156	6.435829031	17.97143628	7.160536131	4.269877797	4.752991635	3
3.009227814	1.001186759	-7.701095972	2.701923119	-15.37702603	-0.928981122	1
7.963474868	-13.33310322	14.11875033	-8.497864801	31.79446255	-2.135633095	2
21.06824296	-12.00396162	-21.00155659	1.992532846	-1.214700721	0.741706937	2
-5.500916641	-11.4382255	5.827263114	-0.615049522	1.882219939	16.57914106	1
6.543746485	-0.454005933	-2.954973756	1.804485743	3.849596571	-4.914381612	1
3.670386167	-12.24171333	4.516160268	-5.344369928	6.423745199	-0.414687693	2
-0.562419972	3.584800929	9.399596047	4.08889015	-2.83921381	9.444379825	3
2.72193926	-11.39592629	3.038005018	-0.446356722	11.23662386	-3.243177506	2
-10.76625319	-1.194692329	-3.15441679	1.751155618	28.05369672	-7.105037918	1
-2.337735077	-10.67395273	-2.777124669	0.771797615	-2.353212873	1.897317035	2
4.052701876	0.087122432	-3.317977893	3.836010074	-8.519997626	16.00675651	3
-15.70801776	4.731507576	-10.73888301	4.770126366	-1.656553398	9.892684122	3
-2.738921111	-11.39577724	0.775903232	-1.403738116	8.287470129	2.300574426	2
4.616375219	-11.24787365	5.207732892	-5.344851098	-14.37601963	-26.24147284	2
-5.38887044	5.042044237	-14.02300185	6.641510855	-10.78771513	9.487978094	3
-8.311658078	-0.178313174	-3.621680645	2.34762201	-5.606033214	9.237079966	3
-6.200573385	-10.36404606	-6.379362608	4.202905308	-13.10448592	-7.499893986	2
-14.1542287	-8.937810192	12.73783065	7.560382502	2.058402121	-15.12415479	2
9.112195557	-13.4479366	-6.487280405	-2.357174544	10.5885754	-7.216663791	2
-9.461321345	-9.857858409	15.16472818	4.003331145	-8.52995836	-3.432183356	2
0.540459262	0.108637668	7.825827182	-0.065320061	7.514561054	-8.527621366	1
3.774565026	-2.303530478	2.282309111	5.209670746	-6.744030967	-5.191156895	3
-3.543415053	-12.27745451	-11.70280293	4.778755903	5.784920492	-27.11008289	2
7.313188412	-11.33016449	-8.200586392	2.759443531	4.15147385	-6.26671068	2
13.94253236	-9.077949251	2.331236933	5.778092502	-8.142222919	-7.474726788	2
2.845378817	-11.7867462	-6.430459894	6.667862932	2.418109767	-22.9137174	2
4.746889332	-10.91269059	6.820693516	0.454964344	8.398769142	21.69661754	2
-5.53505523	-4.829661538	3.851898784	-0.490152365	-19.50527531	-0.112302372	1
1.219768509	-9.933875437	22.65758608	9.518156997	11.73865548	4.341769743	2
-5.115364104	-10.67750083	11.40429463	0.673635826	1.85834473	2.709973289	2
7.551742382	-10.43919846	-3.674222085	-0.35114777	-13.71174685	6.694360752	2
4.274492463	-11.15597693	-7.268566678	-3.158843741	-1.763969537	-17.32740086	2
0.689716291	-7.765500814	-7.435791614	10.23814311	19.2421921	-0.317345132	2
1.45436012	-11.72635286	8.207695691	-3.810964241	-5.812211559	-3.321726292	2
-2.245481231	-10.79025451	-6.764535721	-6.247521468	2.645173326	6.628797728	2
14.33180292	3.054563782	5.231292329	0.871745488	8.080531714	12.52435528	1
-7.706273052	-9.871497319	3.043299287	4.651185576	-7.836307623	3.221858883	2
-8.136978972	-10.58021832	8.385170402	-0.574240453	-0.809823659	-7.96629163	2
3.639236198	6.527876317	-1.747962623	2.145872889	-2.481776145	-15.90445251	1
17.8588249	-0.830044096	4.47848611	1.016566117	0.465825237	9.823296757	1
0.455971864	-10.40764594	11.83452987	1.008128128	13.23852885	-4.351868625	2
-16.74264872	-10.97261164	12.58956981	4.032970743	15.31982507	-15.12247227	2
-13.85388082	-3.829325403	-0.917432095	0.868680681	8.014541936	-9.540083281	1
-7.249693613	-0.730012321	2.961317752	2.458823764	-28.41689972	-0.943654331	1
5.557887193	-5.086465046	9.406993917	-0.832829434	-11.31675249	-4.060315419	1
-7.732376365	-9.205533076	1.803522558	3.222937421	3.106034695	7.323964649	2
10.71382451	-10.54290655	-1.484273729	1.744427027	7.202693577	-19.97844338	2
1.985692264	-11.73934728	-4.882048372	-1.709928168	-6.591100542	-15.55704129	2
-3.38537161	-9.386211238	12.56865346	4.558940657	2.616728347	-5.858887955	2
-8.270714889	4.590374442	-3.685234094	7.843274126	-5.25240005	-13.59506413	3
-7.620019761	4.703442388	-6.968417639	5.572346215	3.746334808	3.515823198	3
13.91691167	-10.66959865	17.41511149	-7.631422701	-2.354558001	-1.942156409	2
-1.721632761	-9.89659612	1.987002553	3.146858553	-4.525613782	-6.114870556	2
-6.143756154	-15.60841446	-2.708954318	-13.03462789	8.006549347	7.81604638	2
11.76812477	-9.374466993	-3.79418209	7.174945688	-4.512306982	-18.60359467	2
10.66425523	-10.18177053	11.8109246	5.98175304	10.5690341	3.829420855	2
11.40365023	-8.890266545	0.577019265	3.014687605	6.036438472	-11.49136821	2
2.135972176	-12.20115503	1.522107447	-2.688955437	5.389540078	15.31772904	2
-1.894773519	-10.55175646	3.73265296	-3.987238799	11.08512214	2.37338252	2
2.50324214	-14.70548135	4.792241774	-7.946145641	5.569506041	23.07859269	2
-12.55616517	-10.11419482	27.22663801	2.401537433	4.781020124	-12.12885119	2
-3.022909575	-10.62072848	8.428305832	-0.565016966	2.656392253	-16.00623761	2
-17.55908173	-9.623005305	2.981915963	9.536601039	5.074761944	0.634278035	2
4.073570803	-11.61425596	-5.128470162	2.438367044	-13.8457406	1.765446559	2
0.03730071	-11.46968225	2.64197625	5.446949592	-14.68973794	4.126942339	2
-1.294682055	7.696431661	-5.819989876	6.807560267	-6.523021354	3.866919459	3
3.923219684	0.131201433	8.169860911	2.454723544	-8.566405215	-2.208968492	1
-12.04751912	-10.54786855	14.51870548	-1.880644464	-0.117717838	2.46575566	2
0.810439262	-9.9368676	-13.08429141	4.748322708	-8.33241469	-3.369553122	2
-6.510694018	1.920331806	-2.725030473	5.57318918	-1.440422836	14.5453672	3
-2.037677738	3.539149903	9.807481769	5.368970924	-4.057405545	-5.867641963	3
-6.954084387	-13.40948527	18.85885171	-6.868924633	-15.33056307	2.812874289	2
5.558643232	1.385037969	1.707439181	4.339177658	-6.142510563	-1.244424112	3
-20.92057191	-13.65920516	-3.95994384	-11.33673881	8.565186401	-5.206086696	2
9.007311462	4.546091511	14.47057653	2.740042809	-9.069258337	12.00746218	1
-1.532117264	-2.425386493	17.01091207	1.631133647	-1.830063172	-8.196538819	1
4.145346428	2.141874164	3.565245981	4.352190278	-1.889680861	6.319485377	3
-15.20307288	-10.40336531	6.76025485	6.765760633	0.212031581	0.117809077	2
-7.37186491	-11.22789233	-4.788976489	5.596989796	-9.390464591	2.616912481	2
-0.547568716	5.694834306	-4.166432882	3.497147874	-12.30862403	-11.74768638	1
4.117536703	-1.308963351	-8.007796213	5.023657126	14.33353085	-6.565789213	3
-3.617181928	-10.75878242	11.56551012	4.761262608	11.07629571	-3.957929083	2
-5.631737741	-4.218965467	13.57000867	2.541538069	-2.272451518	-10.35147011	3
5.929935586	-9.392493971	-2.110616975	6.176130722	-18.37313057	11.81959754	2
6.588439636	5.129787087	-2.758712489	5.605392178	-3.472551191	-2.194021993	3
-5.515701243	-14.47042411	2.503778541	-6.128644016	4.578041776	-0.664130061	2
-13.62654531	6.545654295	10.83426254	2.737336134	-13.87074094	19.54570038	1
0.823224294	-9.93692253	-4.91999407	7.729880558	24.41490462	-2.985233446	2
-13.57116343	-10.02895001	-6.809228462	3.112416496	-15.32168314	-9.304470784	2
-11.89918152	-11.38103169	-9.657605716	5.540714767	-0.562882916	12.98960575	2
17.74192462	-2.387301077	-1.630964481	1.086592498	12.13606822	-13.85676997	1
-4.883845907	-1.0952279	10.69557224	3.938122774	1.535664983	-24.71849391	3
11.91206735	-0.081304335	-10.85225821	1.719619047	8.659123694	0.668441121	1
16.14265456	-11.34844348	10.62315873	0.884357815	2.372945521	-0.360553102	2
-4.813500214	-10.2459615	6.799556481	-1.058227702	-5.063999259	-0.388462387	2
-1.937869737	-10.59662928	-4.553274921	6.935668618	5.647228532	10.34935405	2
2.938635746	6.239678237	20.16302593	4.870536451	2.900454882	-16.79601912	3
9.602042682	-11.41377298	-4.679754029	1.665865696	1.691283888	5.734688037	2
-6.162873679	-12.14328133	-0.706719196	-6.33911456	-2.986733645	0.201623326	2
-12.11723353	8.833178763	-2.640903015	2.556656544	2.878337866	-3.661162044	1
1.507996864	-11.80780168	6.446154023	2.015606521	-5.846530534	-3.082999115	2
0.741286325	-11.32232765	10.79520046	-0.302128821	-13.1691126	-1.518433159	2
-12.17592389	0.50962652	16.8226197	2.158495996	2.168725179	1.19686826	1
-4.388615992	4.170383632	-5.1424779	1.334977367	16.45737781	-0.543590053	1
-3.008330617	6.54171198	-7.009230379	5.117378697	28.44497216	-8.175232768	3
6.209191351	13.13364561	13.32186248	6.590479861	15.57014275	-12.10880448	3
6.419598012	-11.90206204	-4.286098225	0.894894574	8.010348301	9.16803766	2
-13.53066372	-10.06327987	-2.164372925	2.414572269	0.623215225	-0.835571486	2
10.24172957	2.713943499	-19.67017962	4.926887882	5.764636734	-14.07094894	3
-3.71921369	5.478373599	-7.567469285	1.439625691	5.802980805	7.440484075	1
-1.581133935	-5.612103746	6.522554479	-0.17825966	-5.345547675	-2.01553604	1
14.05998498	-4.855146621	-0.059089024	-0.375133642	-13.03743729	-4.452517791	1
-7.413286772	0.237776555	-5.512459284	2.958985179	1.648267911	-12.00248097	1
-18.70689123	-10.48290229	-7.262315824	6.026320037	4.008603304	0.17692026	2
-3.389298582	-10.87754159	8.649203308	-0.915133635	0.843976353	-7.15206155	2
0.348035002	-2.737623649	-0.371386134	4.338199887	8.29361037	5.326175827	3
-10.14709761	-10.44438713	-6.161458977	0.692194342	4.605192375	8.277962203	2
-3.322930663	-11.20259397	7.518540666	2.960655139	4.302191653	11.22456549	2
-3.511643797	-13.24858947	8.194130959	-7.999268421	-14.71246602	14.23170068	2
2.861806924	-10.38020831	-13.70571056	1.810072193	3.254417026	13.61160834	2
-7.78332205	8.662545149	13.14434077	3.030356372	1.182110084	0.439723925	1
1.515502898	8.480246063	10.10327939	7.453263855	14.46019527	-4.264484268	3
4.680558905	2.586292189	9.780509207	4.104843945	16.18575183	5.223988898	3
2.844501624	0.084250119	13.18386227	5.100007925	-6.208444228	-4.187490714	3
-4.324470152	3.211918201	-1.925578586	4.976592275	-12.85301962	10.94920415	3
-0.05284767	-6.411490591	-23.91153436	3.277055258	-11.33224507	9.51180678	3
0.472472715	-0.868275357	6.898508504	0.694664711	-10.67453671	14.77515893	1
5.953279839	-10.2800022	14.03883525	0.804836204	-11.96060152	1.843239922	2
22.28187443	-3.510574201	-4.903324643	2.394714928	-6.223317633	-16.11736682	1
-6.270350022	7.199564486	9.305606704	4.750942856	1.134934721	5.163393009	3
-2.708932038	-12.80731618	-4.889435662	-2.927791348	-12.72667088	8.877490568	2
6.064825086	4.068050229	15.41013402	4.889070144	-5.93662541	-7.663711313	3
19.23213514	-11.61093621	-1.980882022	2.416535371	1.76690676	6.031423289	2
20.309468	0.894583254	-0.452117628	4.725045566	-15.70209924	-14.21698495	3
-5.545710938	-10.48252653	7.56665097	0.097858954	-3.314410431	6.549361649	2
-8.697601867	-8.582007483	6.020347344	6.158519677	1.267558022	0.976685069	2
-5.692398473	9.684072726	10.70464653	6.984760234	-4.86405131	5.833716879	3
5.720844581	-13.38905921	-1.550284214	-8.299484138	-21.55180231	-5.401445213	2
-11.13628684	6.933754851	-1.630424779	4.979187427	2.095920696	-13.38575035	3
5.854194338	-11.24914021	-4.544383061	-5.596268223	-10.70241596	-0.430373433	2
5.94876916	-11.80266453	-3.688862259	2.314842975	-5.503540873	8.28900788	2
-14.57879375	-13.17875731	-1.999932114	4.091644547	0.398287602	1.656900683	2
-7.82108372	-2.520513171	-1.591796062	4.443460377	4.425879468	-1.38093382	3
4.452259352	-9.215471771	-14.22978909	9.442845008	-1.75069889	5.111507228	2
0.593935007	-0.230847516	9.234218408	0.434513999	-8.978316352	4.657598341	1
-1.145729795	-10.87940274	1.885362976	3.344867298	6.853847717	-0.166325739	2
-4.414117215	-11.78019234	6.77002615	1.39842147	2.673883942	7.395610068	2
14.08116493	4.501635504	-12.26179729	4.610545555	-7.303113727	7.639168028	3
-7.113319815	-0.021408998	-2.953092264	1.705454329	-5.724443042	1.595663461	1
10.91461695	-9.617213879	7.576165559	3.82221905	0.5556959	-3.72057384	2
-5.138535134	-0.078737874	5.649027052	4.174400975	6.699339759	1.558270245	3
7.273908256	-10.48113699	2.079646589	0.306561102	2.14026882	-4.126321129	2
20.7433066	-1.040355288	-10.46520294	0.010273584	-12.73179554	-7.931833856	1
16.52338048	8.543830197	12.76928958	3.908995244	11.78648437	-2.17971682	1
-14.68753045	-8.625520634	-4.730338639	14.50467278	-6.711223547	-0.853078571	2
4.918469867	-2.136806896	-6.319814628	0.598919913	1.102235967	6.044532809	1
0.093620749	-11.8809853	6.619294148	1.706678999	-11.12265695	-9.051766997	2
0.402432661	-10.20584701	-10.53591607	2.598776745	-10.72442825	-3.078466947	2
-6.244803702	3.328548925	-3.263837168	5.318846911	-3.601161935	-11.84170566	3
23.74924988	1.320049738	-14.68764533	4.694339097	3.097632239	-11.66928443	3
-11.46775517	-3.974759745	1.639811333	2.201805308	0.204019285	-2.404980282	3
-11.87940762	-7.684159156	-3.884990132	8.632613751	6.714788771	-6.565635709	2
5.095786568	1.159313554	4.849346068	4.817250849	-1.696486613	-0.364703497	3
3.70508241	-0.687508793	-26.51137461	4.31706078	3.784266626	5.400217852	3
5.552549226	-10.38226308	-19.90454052	3.109141294	-1.414899342	-7.692260456	2
-5.654376833	4.411258256	0.032190862	2.202974568	0.943098616	1.741593444	1
3.563488619	-11.01721157	1.303783614	2.736172272	0.070674907	0.455038736	2
-3.117898309	-13.65699091	-0.146540224	-0.602840346	-2.775185669	7.553416195	2
4.97788298	-9.429636355	-7.797419013	6.150941894	6.285899455	3.011552502	2
8.211315171	-0.70598417	-4.85646569	0.294534926	-8.611256348	1.684211353	1
15.46055345	-3.301778282	7.834726351	1.567064183	5.633240161	1.282971531	1
9.930045814	-5.39856742	21.39488021	-0.413443592	12.48538732	-8.874335668	1
-5.685590775	-12.52462177	-21.16167022	-4.297830697	2.735785768	14.05105847	2
-7.108213839	-10.71883049	-8.855591368	-0.739216139	-10.13767662	7.476208347	2
6.324027645	-1.752725431	10.56129171	2.268402101	12.78044025	10.83062197	1
-13.23716222	-11.25005262	-1.16204528	2.476974091	-4.238381717	-4.879992126	2
13.51934541	6.906469897	0.715824605	6.921234466	-11.15902841	-8.690135891	3
-3.889412093	-10.87986818	15.77879979	5.333050631	-12.45070874	19.49244983	2
-1.32847748	-10.70223915	-4.779025157	-2.791205472	-10.71613237	6.079780044	2
-9.77434004	4.736020097	-5.501004388	6.414398828	-9.838315918	1.461877797	3
9.16016766	-11.96265055	-1.330365767	-11.48013318	-3.433254822	-3.685357914	2
-6.644730082	6.94571921	-4.435807304	5.478913746	-17.75247526	6.671664609	3
8.016180874	5.291583514	7.644060988	7.539619523	14.4309748	-10.705059	3
-4.370323694	-8.790003358	-11.16552143	9.760015389	-18.77950893	7.821217237	2
8.802904426	-0.765517436	10.11206362	3.68256634	8.94004449	-7.371080724	1
0.552992174	-11.71500149	-2.022351686	-1.08408052	2.20727664	-8.227067872	2
-6.520865858	-9.270080527	-2.235550182	2.825237503	-28.1267805	5.510700599	2
6.900981913	-11.0640944	-1.312012719	-2.677864885	20.65354231	-3.667027055	2
-14.25330442	-8.823513517	-7.7851173	4.438062111	-4.802300927	-25.73236382	2
-12.09962527	-11.35263731	9.170173304	-4.580959442	3.131245742	-1.048925121	2
-8.458264222	7.275511331	8.763337312	6.521723511	-5.247769827	-4.843975769	3
-1.531358846	-10.68285617	7.59089775	0.774721228	-5.06596602	1.63876535	2
-16.91043282	0.177812084	2.732842926	0.783352789	18.08995974	5.693097967	1
4.679906859	-0.153771133	-0.469813069	2.093579693	14.96839252	12.37815029	1
-11.46360474	1.463830256	-4.861082852	0.10427458	-1.077158823	1.604591936	1
0.044060024	2.185127981	1.701037403	2.297710932	-2.888028501	-4.293465536	3
8.908745057	-10.3154295	0.496208526	1.714941595	9.722570739	7.96499312	2
8.326802111	0.732128081	1.601987204	0.647592622	-13.44046148	-1.305526935	1
16.64148697	-3.656130952	-6.187849336	3.470220984	-13.44889991	17.57290171	3
7.559226336	0.139004203	4.16872042	4.144604879	2.722727072	20.84366662	3
3.250942639	-8.418967468	4.60262281	-0.358899742	-1.948277174	-6.417353088	1
-8.445399238	-2.107283196	-9.551382529	0.179612628	2.238740959	-9.969429253	1
11.93089612	-7.018860335	2.48182217	1.042828508	6.005553911	-5.388466408	1
5.501173904	-12.12408767	10.76308295	-3.764815396	4.507555918	1.973054583	2
-0.2648923	-9.587595435	0.090577947	4.925502978	-3.788122353	-14.8184311	2
1.687727787	-12.34704328	-5.426606325	-0.049154736	-10.75926106	4.27589325	2
-1.438455155	-13.33046345	4.380363246	-7.935520779	-15.67414854	-0.171292382	2
-2.184049817	-8.042386317	25.73989795	5.873651884	3.290581334	8.941983316	2
0.152584754	-10.7140992	4.714598875	5.41254744	9.331881057	10.02595793	2
-2.558719694	-12.5894557	-6.119375583	-10.02555121	4.311625828	-2.246968321	2
1.868132368	-11.02145311	-8.86063247	2.141979356	12.44715503	-0.071885606	2
-3.710341609	-12.82868091	3.030346975	-1.735971812	18.02453291	3.412187991	2
9.342829555	-4.704820028	-8.160102795	0.11546054	-0.813985423	-12.51511723	1
3.210716583	-9.455770188	0.278692612	2.302699476	1.843198101	-5.897821581	2
2.822712857	-4.162587813	-26.12312057	2.414578163	-3.113277594	-12.70005092	3
-7.721290849	-12.28312613	-7.644232524	-1.27764481	0.847555102	4.98424709	2
-10.36035665	-9.476966031	-4.482151047	-1.121397114	-1.437004858	-3.802015257	2
-0.267879758	1.836567761	21.55959569	5.853852179	-4.26184405	13.91243293	3
-13.06013322	4.602551713	-12.13774755	4.583862851	-0.559516579	4.499084298	3
-9.083443289	7.984350854	-22.26758425	6.342373063	12.80127743	-12.78545081	3
18.70307046	-9.018259697	-1.518771683	-0.397436069	-12.98568852	12.47058955	2
0.655359653	-6.677733766	-13.10244597	0.217533815	-2.919441855	9.641192338	1
-4.99046318	-10.88210439	9.680377238	-0.716776106	2.860940038	-15.3947858	2
-5.365720233	-12.31353429	-7.03947525	-2.10209577	-0.686812089	-8.080573508	2
-1.184380722	-11.97422266	-11.53758601	1.800247573	2.189007381	1.696466214	2
3.820089109	-11.92223928	-9.850185315	-6.000104345	9.469140222	8.407476166	2
-4.774133335	-7.603383919	-12.14097061	4.961292619	-7.114359945	-11.05754408	3
-14.29943551	-9.410682695	-6.002432428	-0.693968645	6.68092682	12.64886842	2
-5.595306648	-10.37642979	-0.582549996	6.47641686	-2.847295077	4.97142833	2
-3.009965571	-11.57716547	-3.428732888	-5.664097768	-20.90435721	-11.96525597	2
-0.423237791	-10.1643944	-8.644223996	-2.237155257	-13.01896463	12.12225567	2
2.021578994	-11.44095697	-0.761076503	-5.300840721	-8.655913546	-16.03330419	2
7.970179234	-6.375253469	21.50767208	1.678092237	-13.75726912	18.58627663	1
5.74625921	-11.1706559	-9.795403596	-0.580739218	-4.285394577	9.884377761	2
-12.06664239	-11.7054585	5.979269575	0.735623801	4.958397014	-1.628217614	2
-3.891632738	2.572509962	-8.579461901	4.58005872	-11.68379347	17.03292235	3
14.0133257	-9.477648448	11.14223572	4.379443324	-7.645429169	-2.044777611	2
6.700023655	11.46192314	-1.693214872	1.403498222	-17.18412836	4.210231697	1
1.113514492	-11.13401354	-5.865040724	1.349069871	-9.021048146	-21.73773816	2
5.356934817	3.282554518	-8.703970663	-0.209181473	-10.14063853	5.768397768	1
12.277469	3.641568424	0.297729747	5.190179368	-8.539745059	-7.490799892	3
-4.271593718	-8.690515938	8.08137604	7.77098308	-5.283038706	-10.07267904	2
-14.64176637	-10.38162318	-14.4473932	2.936066251	-5.836368606	-9.883886524	2
2.0133486	-10.36029789	7.32824498	-1.984832668	-10.51265688	-10.73121125	2
-24.62600284	-12.37939926	11.03495122	-5.637339095	15.51338058	-22.95071335	2
-2.570894689	-9.1819087	8.190885732	1.124513478	-4.556152941	3.437801731	2
-18.90770626	0.205961709	3.899750177	4.490682225	15.17878895	6.533020382	3
16.05201662	-3.165773599	-9.902263438	-0.072936308	0.212158509	-6.875560257	1
-6.047443259	-10.84972785	1.834341075	8.404535943	-3.956178022	-3.14720719	2
2.859134521	-5.091722543	7.649163222	-1.090321311	-10.2046536	-10.65211953	1
8.136541308	-12.13389688	-8.115147615	2.668342674	0.211180739	-8.660448889	2
-6.674381311	-13.69895754	-11.41929438	-9.51568176	-0.704454496	1.452039719	2
-6.925912566	1.663759753	8.753215808	-0.284197359	3.719926778	-6.840433454	1
-8.166827188	15.31314193	6.057474171	8.550747069	-5.162199079	-3.683591671	3
-10.29561898	-10.39698232	3.24672044	5.44419889	27.07023993	-0.989747185	2
-7.435933253	-0.876990822	-0.096601507	1.332996494	9.492117755	-13.43379991	1
3.931056248	3.126013381	4.442870677	6.429358749	-14.38659433	-8.403633605	3
-4.438286932	-8.334107926	1.949504645	11.44556374	-16.41544252	-14.61285394	2
-10.24406782	-10.53442401	11.43734837	1.681194163	6.827904931	-4.580061573	2
2.35757541	-10.66358236	-4.348146081	-1.014312458	-4.131542795	-5.439083647	2
-12.05311888	-10.57818272	8.646391829	0.926207023	10.17821338	3.820950337	2
-8.306046601	-10.36576414	9.92550218	2.94127758	0.121370079	12.19345472	2
-9.070873636	-10.58254219	0.735207923	-1.950631576	4.351779993	0.016853865	2
1.961031655	2.472880417	-2.650934672	4.494998441	11.43770823	4.629834733	3
-4.460372244	-10.51442658	3.022091177	-2.021846307	14.77781845	-4.228461092	1
2.287105199	-10.54888571	-3.289431725	1.170284456	4.216488412	-1.398332286	2
-0.508389597	-14.37249207	14.36740729	-10.04157087	-16.26946806	3.331083889	2
-7.554794531	-11.41330413	-11.53476781	-1.595652575	11.39213407	3.251197144	1
-6.895730722	-7.113129187	-5.823864859	-1.325692553	0.838399019	-7.707442535	1
-15.186378	6.267635155	-17.84633454	0.544883162	9.780210905	-11.40209401	1
-6.031685013	-11.64238853	4.114371225	-1.154665206	-1.31479582	-0.507206552	2
-1.551828136	7.751239308	-1.784420627	5.764555684	-9.94832621	-14.52430866	3
9.563907783	-14.20656065	5.053970359	-7.868202698	-3.880608942	-8.643244131	2
-4.965663799	0.69434944	5.758056329	6.559667036	-12.5278249	3.586551343	3
-5.061099806	-11.3323087	3.324854892	-4.01967652	-10.7844809	10.27977971	2
-4.460597885	-2.945227759	9.532251472	-0.077017271	-10.50036306	-2.507274798	1
-2.846122789	-9.316860807	-13.29676049	8.023771182	0.976596289	5.975649292	2
-12.65848369	1.322716126	-1.231905496	3.440941183	3.301476126	-8.98506423	3
-12.79474286	-11.40176625	-7.407343742	-3.222183879	17.23773661	-2.758673312	2
-8.83939829	-12.28970711	-2.917699126	-1.960742039	13.39699711	11.78432091	2
-0.668635615	-10.04650445	-4.328221584	-0.997991545	-18.05901041	-9.651945472	2
3.203944347	-11.36217805	-3.955539161	-4.65390593	-14.58932243	-11.29541926	2
-15.0964386	-1.197486184	-7.89986499	4.460886903	0.10262705	1.412114637	3
-15.49938219	-8.988853927	8.773639278	7.427161751	4.95801211	-10.48051864	2
21.58196279	6.118035485	-0.731291746	1.810244151	-5.787785497	5.983590662	1
1.734108091	-9.868649134	13.55972577	1.479657246	-11.70073613	1.545978577	2
-14.34692226	-11.5531087	-7.442736961	0.587344881	0.60987143	9.724556326	2
-4.658930466	-11.35259126	10.93306902	-7.583280461	3.545461674	-8.433895317	2
6.34544944	5.209575388	28.37630834	5.361847989	19.23506276	9.177344083	3
-7.678722643	-10.52484444	-1.524749515	-2.970431775	10.25805374	-1.913378279	1
-24.57634628	-1.119010992	-5.707293397	0.696586749	-9.183226943	-9.798044299	1
12.54180495	-12.46748383	20.74598538	-2.998358232	4.107657021	-2.40380195	2
0.793127062	3.976028019	-2.666476084	6.118201185	-0.749746992	-13.1309228	3
-4.207673297	-11.67400549	-2.956974036	-1.481422733	19.79065753	-14.90839947	2
-1.491090754	-12.17957544	1.545896571	-4.591469758	-3.467080688	-11.49436901	2
-10.16700888	-9.837590166	-16.58360916	2.772118478	-7.407295671	1.234023356	3
4.230393555	2.394679305	-11.98579517	2.266300288	-0.909680023	-10.06221818	1
3.859539617	-0.65647693	-1.615929192	4.285364825	-1.027494743	-7.013234206	3
-4.700676022	3.587605243	13.69968442	2.300380383	0.36380584	-10.38632943	1
0.203191503	11.58360233	-1.489863914	7.20756152	2.693601105	-3.99759058	3
2.688721464	-7.89161821	0.237866245	9.835270504	0.214514864	-15.18662507	2
-6.632726949	-9.947937325	-13.27484194	-0.59792742	-9.403374934	-16.55880166	2
16.45527735	-11.47081899	6.79486939	-2.812654994	14.02201393	15.92404516	2
16.5067381	-10.93655081	-0.027787806	-0.561782026	-21.76393954	5.180326946	2
1.961055438	-0.283471204	8.145090863	4.980543809	-8.571638295	4.543428059	3
-8.918864969	-1.064461103	-8.341875384	3.693400194	-1.976193145	5.119957393	3
-9.862799863	-14.27390145	-18.01464972	-7.766045345	11.37590252	-4.523721526	2
8.582344704	-9.970445228	-2.859991579	3.16865521	21.6598157	-0.632381807	2
-1.058805227	-12.943567	-4.436912177	-4.061888412	2.922587358	-3.171613107	2
9.67122027	-11.67477493	-29.79912397	1.796062063	-1.229063276	2.946131308	2
-6.010811053	-13.43142008	0.286666101	-4.773045533	-0.1116915	-9.996126314	2
-3.693035536	-10.599626	5.026166655	-5.060512577	-5.293467779	-14.39774013	2
-9.318587466	-8.572995889	9.811337273	7.171346589	12.55331304	-5.255100945	2
-3.514247398	-3.529330896	-10.25474364	4.774446458	3.829035715	4.836180745	3
15.21512964	-11.33554104	-0.395923538	6.713181275	12.16643077	-4.834587203	2
9.566433628	-0.511567886	1.811196664	2.600080625	-9.446988211	-14.56380439	3
2.06576161	-8.442407474	-1.157845751	9.590575288	1.38443699	6.033895389	2
15.49740175	-4.991040393	-13.07058762	5.719548731	0.111826249	-20.15316221	3
16.48699764	4.059470706	17.84644952	2.101100185	-4.129891957	8.196599949	1
11.23247794	-11.78984986	1.830589971	5.912111703	-2.695383784	-2.370710127	2
5.6674736	3.757044368	-18.39076543	4.925213157	-8.816545653	3.153653443	3
6.298274572	0.124843207	-3.315016825	4.357350922	2.842282072	2.470060518	3
-3.947099718	-11.68616317	-4.982878083	-4.084243589	5.410632486	0.347434948	2
6.743792143	-11.54283752	-14.92398161	1.707093881	-8.269085402	-0.240959434	2
17.39140323	-11.91044755	-4.934330198	-2.40690131	-10.05571743	-6.696630228	2
-17.70578429	-1.191141941	-2.232217941	5.656077888	-2.077683883	1.772401916	3
-14.06738224	4.26227944	2.805170939	4.609057821	2.407957644	-5.775014984	3
-7.77345496	-11.62630228	1.092046823	-1.965438041	12.7044271	-3.241378095	2
-1.965246159	5.821684254	-3.326506427	3.717454971	-1.490309206	0.183704519	1
13.29278681	1.967593474	-7.296509476	5.624561484	12.56662719	-9.961196838	3
24.95020239	-10.62378019	2.949431298	-1.354892258	-3.586499097	-5.356410402	2
-2.639926091	-4.082099209	14.66622945	0.057170434	1.246916055	-0.544719309	1
-13.01780345	0.346648751	12.13940147	2.041205768	-9.543407153	-0.566632095	1
-6.928347209	0.018228122	8.563706271	3.174753919	-10.6536572	10.26745785	3
